GRID,4649,,2661.937,-433.604,113.7815
GRID,4650,,2662.825,-436.489,116.7319
GRID,4651,,2660.123,-435.201,115.432
GRID,4652,,2663.456,-437.892,117.123
GRID,4653,,2659.789,-434.567,114.890
GRID,5038,,2664.234,-438.901,118.234
GRID,84009,,2665.123,-439.456,119.012
PSHELL,885657,1,2.,1,,1,,0.,,+
PSHELL,885658,1,2.,1,,1,,0.,,+
PSHELL,885659,1,2.,1,,1,,0.,,+
CTRIA3,1111015,885657,4653,4650,4652
CQUAD4,1111017,885657,4651,4650,4653,4649
CQUAD4,1111018,885657,4652,4650,84009,5038
CTRIA3,1111019,885658,4649,4651,4653
CQUAD4,1111020,885659,5038,84009,4652,4650
