GRID,1,,0.0,0.0,0.0
GRID,2,,1.0,0.0,0.0
GRID,3,,2.0,0.0,0.0
GRID,4,,3.0,0.0,0.0
GRID,5,,0.0,1.0,0.0
GRID,6,,1.0,1.0,0.0
GRID,7,,2.0,1.0,0.0
GRID,8,,3.0,1.0,0.0
GRID,9,,0.0,2.0,0.0
GRID,10,,1.0,2.0,0.0
GRID,11,,2.0,2.0,0.0
GRID,12,,3.0,2.0,0.0
GRID,13,,0.0,0.0,1.0
GRID,14,,1.0,0.0,1.0
GRID,15,,2.0,0.0,1.0
GRID,16,,3.0,0.0,1.0
GRID,17,,0.0,1.0,1.0
GRID,18,,1.0,1.0,1.0
GRID,19,,2.0,1.0,1.0
GRID,20,,3.0,1.0,1.0
GRID,21,,0.0,2.0,1.0
GRID,22,,1.0,2.0,1.0
GRID,23,,2.0,2.0,1.0
GRID,24,,3.0,2.0,1.0
PSHELL,100,1,1.0,1,,1,,0.,,+
PSHELL,200,1,1.0,1,,1,,0.,,+
PSHELL,300,1,1.0,1,,1,,0.,,+
PSHELL,400,1,1.0,1,,1,,0.,,+
CQUAD4,1001,100,1,2,6,5
CQUAD4,1002,100,2,3,7,6
CQUAD4,1003,200,3,4,8,7
CQUAD4,1004,100,5,6,10,9
CQUAD4,1005,200,6,7,11,10
CQUAD4,1006,200,7,8,12,11
CQUAD4,2001,300,13,14,18,17
CQUAD4,2002,300,14,15,19,18
CQUAD4,2003,400,15,16,20,19
CQUAD4,2004,300,17,18,22,21
CQUAD4,2005,400,18,19,23,22
CQUAD4,2006,400,19,20,24,23
CTRIA3,3001,100,1,5,13
CTRIA3,3002,100,5,17,13
CTRIA3,3003,200,4,8,16
CTRIA3,3004,200,8,20,16
CTRIA3,3005,300,9,10,21
CTRIA3,3006,300,10,22,21
CTRIA3,3007,400,11,12,23
CTRIA3,3008,400,12,24,23
